0.0213
0.0245
0.0135
0.0115
0.015
0.0213
0.0142
0.0245
0.0138
0.0067
0.0094
0.0102
0.0119
0.0106
0.0111
0.0146
0.0095
0.0103
0.0103
0.0142
0.0087
0.0111
0.0114
0.0134
0.0095
0.0075
0.0201
0.0099
0.0138
0.0284
0.0079
0.0087
0.026
0.0273
0.0178
0.0107
0.0087
0.0091
0.0095
0.0094
0.0095
0.032
0.0091
0.0095
0.0253
0.0091
0.0095
0.0095
0.0103
0.0142
0.0253
0.0253
0.0142
0.013
0.0273
0.0126
0.0146
0.0186
0.0083
0.0095
0.0091
0.0091
0.0099
0.0154
0.0142
0.0106
0.0185
0.0126
0.0094
0.0095
0.0229
0.0099
0.0091
0.0091
0.0249
0.0079
0.0091
0.0095
0.0095
0.0257
0.0115
0.0131
0.0229
0.0264
0.03
0.0087
0.0107
0.0095
0.0095
0.0087
0.0091
0.0083
0.0245
0.0099
0.0079
0.0102
0.0201
0.0221
0.0091
0.0099
0.017
0.0316
0.0221
0.0226
0.0209
0.0174
0.0331
0.0371
0.0154
0.0229
0.0182
0.0177
0.0387
0.0225
0.0328
0.0134
0.0209
0.0165
0.0122
0.0328
0.0347
0.0158
0.0178
0.0174
0.0174
0.017
0.0178
0.017
0.0185
0.0213
0.0189
0.019
0.0253
0.0498
0.0324
0.0146
0.0264
0.0209
0.0339
0.0522
0.0253
0.0375
0.0304
0.0403
0.0296
0.023
0.0233
0.0237
0.0162
0.0166
0.0162
0.0257
0.0257
0.0178
0.0181
0.0427
0.0458
0.0158
0.0166
0.0162
0.0134
0.013
0.0494
0.032
0.0316
0.0292
0.028
0.0174
0.0193
0.0209
0.013
0.017
0.0166
0.0166
0.0324
0.015
0.0166
0.017
0.0336
0.0174
0.0217
0.017
0.0158
0.017
0.0178
0.0158
0.0178
0.0182
0.0502
0.0202
0.0344
0.0162
0.0194
0.0233
0.0166
0.0154
0.015
0.017
0.0154
0.0253
0.0257
0.0399
0.0336
0.0498
0.0376
0.0584
0.0371
0.0458
0.0205
0.0281
0.0312
0.0324
0.085
0.0565
0.0261
0.0656
0.0383
0.0383
0.0731
0.0411
0.0462
0.0482
0.028
0.0265
0.0363
0.0269
0.0462
0.0312
0.0336
0.0269
0.0636
0.0727
0.0814
0.0466
0.0391
0.0343
0.0604
0.0688
0.0462
0.0308
0.0545
0.081
0.0667
0.0265
0.0621
0.0628
0.0324
0.0837
0.1059
0.07
0.0261
0.026
0.0363
0.0217
0.028
0.0276
0.0375
0.0474
0.0474
0.0557
0.0979
0.032
0.0371
0.0284
0.0671
0.0426
0.0731
0.0549
0.0257
0.0217
0.0435
0.0284
0.0324
0.0802
0.0217
0.0281
0.0328
0.038
0.0359
0.0383
0.0568
0.043
0.0264
0.0265
0.0332
0.0593
0.06
0.0308
0.0284
0.0608
0.0364
0.032
0.0221
0.0264
0.0229
0.0498
0.0513
0.0269
0.0284
0.0281
0.0601
0.066
0.207
0.1912
0.0865
0.1336
0.1201
0.0423
0.0798
0.0466
0.0482
0.0604
0.1095
0.1078
0.0411
0.0652
0.0889
0.0857
0.0743
0.1114
0.1153
0.0549
0.0422
0.0438
0.0715
0.0928
0.0438
0.0376
0.064
0.1256
0.0972
0.0663
0.0502
0.0581
0.045
0.1351
0.0766
0.0727
0.1015
0.0624
0.0814
0.1058
0.0446
0.0893
0.0885
0.1418
0.0612
0.064
0.1714
0.0755
0.0443
0.0426
0.0422
0.0447
0.0434
0.0809
0.0347
0.0438
0.0438
0.1047
0.1529
0.1399
0.1442
0.0767
0.0584
0.2042
0.0822
0.0442
0.0475
0.1639
0.0865
0.0889
0.0367
0.0652
0.0963
0.1004
0.081
0.0439
0.0419
0.0426
0.0644
0.0604
0.043
0.0427
0.0821
0.1205
0.0675
0.1805
0.1734
0.047
0.0751
0.0806
0.1028
0.1024
0.0648
0.077
0.0363
0.0407
0.0438
0.045
0.1395
0.0699
0.077
0.1939
0.1185
0.1165
0.1707
0.2093
0.1391
0.1611
0.1718
0.1758
0.1631
0.0659
0.1134
0.0608
0.0995
0.0735
0.1565
0.156
0.1415
0.1039
0.2252
0.2209
0.0956
0.2224
0.2188
0.3836
0.2749
0.2567
0.2505
0.1078
0.0647
0.0648
0.1161
0.1991
0.2145
0.2192
0.0676
0.064
0.0644
0.1264
0.0904
0.2267
0.1829
0.2204
0.1383
0.1142
0.3354
0.0783
0.0628
0.0667
0.0675
0.1399
0.1694
0.0651
0.1371
0.1596
0.1347
0.1612
0.1244
0.1228
0.1991
0.0565
0.2264
0.2366
0.0659
0.2631
0.2674
0.094
0.273
0.0691
0.0644
0.2358
0.1015
0.1019
0.2579
0.1375
0.0648
0.0625
0.156
0.0853
0.0829
0.1209
0.0612
0.0889
0.0837
0.2154
0.0956
0.0952
0.0861
0.0679
0.0644
0.1019
0.1967
0.2299
0.2955
0.3295
0.1379
0.1197
0.1521
0.3208
0.0948
0.1062
0.4958
0.1623
0.1825
0.1691
0.0944
0.1955
0.1908
0.3425
0.213
0.2224
0.1782
0.1971
0.1893
0.2572
0.2505
0.0952
0.0992
0.1347
0.3279
0.3271
0.2058
0.1963
0.3073
0.2821
0.1264
0.2619
0.2741
0.2228
0.1493
0.1608
0.1532
0.2699
0.2189
0.2224
0.3568
0.2631
0.6851
0.4954
0.3231
0.399
0.4002
0.2418
0.2841
0.2461
0.3161
0.122
0.3757
0.4769
0.1323
0.1506
0.1391
0.0912
0.2595
0.2351
0.2315
0.1264
0.5215
0.5807
0.1395
0.1316
0.0884
0.0763
0.2916
0.6953
0.6863
0.1667
0.6392
0.2315
0.2296
0.2639
0.1885
0.1769
0.2975
0.265
0.2619
0.1821
0.1494
0.2358
0.2453
0.1893
0.2063
0.2101
0.2999
0.107
0.4503
0.4452
0.1264
0.254
0.2497
0.2557
0.1793
0.3765
0.4231
0.1367
0.3473
0.3512
0.8312
0.8289
1.5285
1.4475
0.3045
0.3263
0.2884
0.9881
0.2695
0.2801
1.1927
0.1343
0.7143
0.7206
0.2039
0.1553
0.1664
0.4089
0.2086
0.2828
0.2762
0.8916
0.1249
0.1307
0.439
0.5973
0.3852
0.3801
0.6021
0.1462
0.1395
0.1276
0.13
0.5337
0.6257
0.4863
0.1735
0.1612
0.4627
0.5874
0.6013
0.1588
0.3674
0.3208
0.3086
0.1663
0.8735
0.9407
0.2852
0.4508
0.3548
0.3165
0.774
0.3066
0.3268
0.4595
0.2027
0.5184
0.5843
0.3011
0.4574
0.4678
0.2089
0.1553
0.1363
0.3279
0.1798
0.1197
0.117
0.5342
0.3232
0.3413
0.3639
0.4706
0.2208
0.1324
0.405
1.1018
1.1284
0.2943
0.2983
0.2813
0.2868
0.1541
0.2702
0.3279
0.6475
0.3935
0.3959
0.1292
0.591
0.2315
0.2189
0.3303
0.5416
0.5377
0.5452
0.2046
0.132
0.1232
0.8347
0.9719
0.9446
0.3133
0.3007
1.2077
1.201
0.9546
0.1722
0.1632
0.1952
0.7079
0.7111
1.084
1.3441
1.0496
1.0556
1.0773
0.6183
0.6274
0.3915
0.9861
2.1279
2.664
0.9972
0.6373
0.6467
0.2303
1.3938
0.3746
0.3239
0.2295
1.0466
1.2947
1.0604
0.7719
0.4808
0.621
1.2338
0.574
0.6223
0.5961
1.6138
1.5964
0.7127
0.1636
1.1552
1.1595
1.0023
1.0407
0.9186
3.6172
0.6755
0.2422
0.1774
0.6285
0.6902
0.6909
1.5474
0.9557
0.4314
0.5752
0.5574
0.4958
0.5025
0.3437
2.411
2.4644
1.1157
0.2208
0.2303
0.2375
1.2863
0.418
0.4832
0.4453
0.6021
0.6645
0.6621
1.7121
0.4168
0.4816
1.2366
0.3366
0.4081
0.4125
0.7644
0.8435
0.779
0.292
0.2225
0.8854
0.8862
2.259
0.1766
0.1671
0.19
0.4661
0.5784
0.5997
3.7895
1.2313
1.4167
0.2276
1.7924
1.7762
1.1327
0.9035
1.5194
1.3672
2.278
0.2237
0.2066
0.772
1.6462
1.1429
1.2098
0.1959
0.5681
0.5725
1.1954
2.7251
1.8859
1.9208
0.514
1.3839
1.0232
1.1338
1.4372
1.4755
0.6708
1.6549
1.9203
1.973
1.0102
2.2993
2.7382
0.8293
1.0007
1.7363
1.3555
0.7712
1.4858
1.536
1.3984
1.2507
0.7518
0.8028
1.2263
3.121
3.1569
0.8996
1.0449
1.2705
1.2721
1.0264
2.8436
2.7591
1.1896
1.5723
1.969
2.0354
1.4502
1.6833
1.7285
1.5329
0.2603
0.2446
0.469
1.4788
1.6103
1.5444
1.6182
0.8355
0.8869
2.8756
0.5902
2.6848
2.6082
1.2393
1.5779
1.5945
1.5091
0.5392
0.4607
0.4093
0.7142
0.8438
0.8403
1.3362
1.1713
0.2256
0.2181
0.433
7.7171
7.7765
1.3262
0.4547
1.357
1.3092
3.2888
0.4974
0.6033
10.1491
1.4613
1.3981
1.4736
1.9856
1.6798
1.6012
3.0001
1.1879
1.1966
2.2594
6.4348
1.8031
1.8136
0.6921
2.6157
2.7086
1.5423
1.3448
1.6829
1.6988
1.0583
1.0913
0.8561
3.6168
3.0345
1.1734
1.4431
1.1172
0.8988
1.092
1.502
4.2603
2.0207
1.9195
1.5518
3.1119
3.4675
2.7157
1.5474
2.47
2.8638
5.3566
0.4749
0.4725
9.4902
1.323
3.2648
3.2608
0.2699
0.7356
0.8304
3.0088
1.8414
0.7309
0.7179
1.4077
2.9941
3.0258
1.2417
3.0506
3.0677
2.0915
4.1201
6.6915
7.1225
6.519
1.8236
1.5104
2.7488
0.5566
1.2345
1.2428
1.6233
0.563
0.5567
1.5799
0.5286
2.4928
2.6374
3.0831
4.7822
4.8545
4.3911
4.2663
3.7838
3.7689
1.1278
0.3291
1.2706
1.0587
1.9488
3.62
3.7298
0.288
6.236
6.6098
1.9643
6.2522
5.1679
5.1528
3.9238
0.6605
3.9466
4.0557
5.6723
11.8522
12.0604
5.0133
4.9007
5.0935
5.0122
0.525
6.0926
5.9235
3.7618
8.6064
2.6939
2.7038
5.4704
7.74
7.6389
0.4555
0.4314
1.1401
1.1477
1.489
0.7542
0.7538
8.03
1.5747
1.5743
2.5036
6.9009
3.375
3.2601
2.2558
4.4102
5.5807
0.5029
3.5556
4.2236
4.0987
3.3446
2.0575
1.9697
5.5151
2.3633
5.4996
5.5347
1.6865
6.0926
6.3542
1.6526
1.7979
0.6056
0.6056
7.6942
2.2723
2.2692
1.3819
1.2677
5.1204
5.0059
13.6918
8.5017
9.7806
1.4807
4.572
4.7929
4.8972
1.0946
1.6999
1.6829
1.4032
5.6273
8.3888
7.6749
1.7098
1.8678
1.8695
1.7244
14.5383
3.4568
3.5205
1.4534
2.0855
2.069
5.4483
2.7346
0.954
0.9517
3.4746
7.714
7.7318
1.0995
3.3905
1.9148
1.8935
2.5339
11.5698
10.0017
17.589
4.4199
5.7249
5.7943
18.2196
3.6752
3.7009
2.1309
3.475
5.4183
5.527
4.5487
1.4344
1.4313
5.0793
20.0842
8.369
9.152
2.5675
2.1317
2.2112
5.2034
9.645
3.1519
2.686
7.7685
5.9168
5.7351
4.964
9.4318
6.2796
6.112
2.5924
16.9904
2.1211
2.1278
16.3871
3.0483
3.7024
1.7762
24.2986
10.2258
10.1515
2.1092
25.5261
26.3432
4.7811
15.6436
5.306
4.5429
16.7352
0.7518
0.7597
5.3625
1.02
3.5682
3.6467
1.4661
3.981
4.8359
8.7515
0.8889
4.034
3.9099
22.2882
2.4163
2.304
12.7913
5.2855
1.8343
1.8283
9.0082
7.5385
8.1181
6.3439
7.6651
9.8939
9.3076
22.7421
3.0709
5.6893
5.7624
13.9923
5.1386
5.805
0.4587
8.0786
15.6796
16.5025
1.562
18.575
15.6812
16.7308
5.4649
1.6865
9.0861
1.3839
6.4738
5.9496
15.0636
12.4917
11.288
11.3193
7.8795
1.5993
1.9942
1.1358
8.1324
1.0964
1.0994
1.6079
22.2862
22.2902
22.0622
7.838
2.0919
1.873
14.4387
1.4111
3.2371
3.1151
15.4865
12.8016
13.372
0.5554
3.9119
5.0781
5.2536
16.2766
10.884
11.8233
6.9286
19.9245
27.714
24.2707
1.2962
6.2159
12.8177
11.1277
3.1817
4.2662
4.2307
32.7522
19.0115
3.0636
3.0692
4.2062
1.5802
1.5972
1.5018
7.7527
4.9663
5.9366
9.8331
15.2075
14.9748
38.6129
18.9862
21.856
20.0885
6.8196
5.8062
5.8247
5.6741
11.7195
5.1354
5.1883
3.3841
2.2538
3.0016
2.9988
8.8174
8.1964
9.5348
4.3216
6.8958
5.8923
5.9757
7.367
9.5849
10.8717
3.9759
15.7749
4.8679
4.9892
2.4201
3.4043
3.3976
7.9625
7.027
10.1159
8.6336
4.4611
7.7823
9.0615
17.4759
24.388
18.0149
15.6303
5.1117
39.6491
22.1922
22.9211
9.02
23.1526
21.265
21.5775
83.1996
1.003
1.009
6.0563
1.5554
13.4175
13.5182
9.4001
19.5387
7.5531
7.168
10.4592
5.414
5.4448
22.6678
27.0245
6.844
6.3337
8.6759
6.1045
6.6378
37.6257
4.7826
24.1853
27.0182
12.2718
11.0104
11.5915
11.345
60.8107
22.8456
3.812
3.8281
13.6964
10.5398
12.1213
4.6989
20.9612
16.0123
14.4427
2.3146
17.1331
14.3163
17.5375
17.8623
3.1091
3.2039
3.0961
6.7785
7.5563
1.1675
6.2143
52.2619
53.0481
4.2822
58.5004
30.4403
29.6285
5.1284
4.1861
64.5393
65.6116
24.6755
57.0031
4.6218
4.6333
18.5406
1.0212
1.0836
10.6556
27.1898
31.5213
33.2891
5.6783
22.6386
14.0152
13.6293
0.6807
10.9814
13.6684
12.6151
18.0555
8.1517
8.1284
13.7505
2.24
2.2029
12.8639
13.7604
11.4529
9.4148
10.4044
2.1377
36.2663
37.3989
2.2854
2.4601
2.4726
21.6135
23.1395
28.4539
28.1086
67.9202
10.0021
16.3544
15.9052
313.397
34.398
6.1206
14.4478
13.7893
5.6916
77.9149
73.8604
7.7132
27.4145
11.456
10.9736
39.0116
50.4902
54.6833
46.3826
11.9593
22.9882
20.8024
19.932
5.7264
9.0189
17.8283
20.1122
22.5344
10.6091
10.3245
15.9288
5.5795
5.451
5.6795
40.1153
5.0162
70.1298
68.373
5.6589
10.5798
9.4495
10.2203
15.4047
5.2463
5.7083
19.3328
39.031
12.2003
11.9952
19.2688
24.1387
23.4512
42.8875
24.2595
14.6813
15.2233
30.0678
9.5629
5.7237
5.6897
108.372
43.4572
6.1661
5.9515
22.5758
2.1732
2.1966
162.363
20.2612
29.4842
20.9426
22.2918
26.598
17.4281
18.2072
260.56
100.444
21.2532
19.0658
22.6927
210.732
38.9456
19.6215
6.4376
6.1373
39.5418
4.1292
4.0734
16.3725
42.0642
46.1969
40.9443
76.7084
17.3614
48.9941
54.6552
38.3467
10.7211
18.7698
17.4689
51.5829
36.9771
81.1505
82.3017
12.849
21.1049
10.2198
10.4857
3.7811
12.3789
31.5974
32.3706
3.083
29.2481
28.3773
15.0076
27.0472
76.0541
77.9646
27.2659
161.646
7.8723
30.4656
33.5123
11.5263
21.3038
19.5808
87.5918
2.8698
38.944
39.6658
46.9728
5.4229
32.0331
34.6667
48.4568
11.2746
92.5761
92.0068
70.4747
14.2506
55.5073
72.2757
72.4725
157.151
66.1973
40.3777
36.8874
129.621
56.2611
6.8368
5.935
5.8903
28.5029
2.8396
3.4031
14.1242
12.9138
33.5052
32.2612
37.0773
40.1762
13.44
13.3073
114.346
49.088
60.4717
61.0386
21.5163
152.922
10.5387
9.6453
40.2726
11.2838
53.9026
54.3558
7.4109
13.0931
33.6225
37.1595
27.2667
9.3025
23.0926
23.0665
6.7666
64.19
19.2126
18.1508
619.382
124.213
38.7923
38.1218
5.9173
6.0321
28.5733
19.4513
161.215
156.412
76.4357
6.6713
36.5061
34.4937
34.9183
6.4838
17.3179
16.7838
166.955
39.6971
35.4039
25.9267
24.2497
60.3351
55.2474
56.6744
56.9533
105.942
30.925
29.5834
29.8706
48.627
50.3744
45.7122
46.2183
34.468
329.216
87.4777
16.9149
16.5444
8.4974
42.5091
4.5345
4.6376
35.4078
61.146
30.1006
33.8023
16.2897
44.3572
64.2892
64.4658
16.7889
27.0451
12.8909
11.0147
104.532
86.4228
37.7086
37.7466
16.4101
44.883
71.791
71.1083
45.212
52.9569
26.7967
27.1774
3.7495
80.2832
131.629
82.8149
77.7399
40.3212
52.4239
40.3619
39.885
19.5137
214.064
221.226
22.1808
21.3807
70.6513
263.763
25.9619
87.2641
83.8108
13.3772
29.9055
26.5845
26.2847
49.5285
59.6378
60.4112
58.2506
65.7621
47.8882
103.003
57.3844
62.9547
29.5139
45.2437
75.9005
74.8864
47.5993
95.514
1.3692
1.191
139.867
48.5076
48.9735
78.3147
73.5242
107.219
172.602
63.6982
320.988
48.7913
48.0992
82.9618
63.66
35.4352
35.3599
336.22
261.181
209.865
498.757
120.351
48.2346
230.056
6.0354
106.367
112.184
51.1948
21.4097
185.937
814.518
44.0327
87.2735
9.1417
8.7049
59.503
20.7482
60.3579
65.103
90.0101
122.254
218.212
91.1748
62.0875
59.537
17.8667
59.2494
32.329
28.8162
39.2031
76.4175
150.525
151.152
22.526
74.5418
21.1164
1513.44
192.043
133.15
80.8411
80.6468
131.912
79.8045
6.0013
5.9031
10.9009
58.3302
68.9632
70.3276
26.1822
54.4268
372.621
105.643
621.193
505.269
9.5016
41.3621
267.859
24.2211
24.2454
17.8186
159.211
637.945
16.5309
12.9726
12.3417
130.403
1206.32
52.2401
217.165
4.3402
12.6277
12.9185
576.93
306.413
180.915
66.3427
45.8054
710.824
68.4023
53.7091
53.6747
500.247
2884.4
1491.59
59.2786
71.9952
177.941
241.393
728.222
209.775
165.299
315.284
119.184
33.1346
32.7886
227.154
64.5674
313.404
509.388
457.872
15.4877
38.4916
173.933
105.901
105.663
28.7301
172.741
69.2461
398.982
15.866
46.957
44.3761
22.1376
96.8937
550.764
90.5739
684.226
113.033
347.678
87.5279
106.323
334.85
88.4906
90.4842
13.4996
29.8184
86.255
86.5356
118.537
27.464
184.919
51.7787
50.1255
207.68
185.302
704.638
25.0232
117.123
158.049
262.876
173.988
143.855
42.0472
46.7847
256.075
100.382
342.398
139.245
998.389
22.4937
39.9032
120.741
148.71
606.993
168.033
61.997
14.0511
15.6785
33.6731
65.0865
116.467
111.698
52.6084
324.466
145.742
84.6306
17.3914
17.4807
88.2513
69.3566
10.2443
0.2003
0.2055
0.0312
0.0372
0.0821
0.2094
0.5152
1.2326
2.978
6.2684
14.7761
31.1605
77.2437
195.686
531.358
1420.74
0.0351
0.0115
0.0727
0.0123
0.0644
0.0122
0.0422
0.0478
0.0119
0.0332
0.0075
0.0118
0.0075
0.0071
0.0079
